20225
main.c
part 1: 279
1  71 73 74 76 78 80 77 
1  78 81 84 87 87 
1  37 40 43 46 50 
1  12 13 15 17 18 19 21 27 
0  4 5 2 4 5 6 
0  53 54 56 58 59 56 54 
0  26 29 31 34 35 33 35 35 
0  60 62 61 63 64 68 
0  89 90 91 94 93 98 
1  42 43 45 45 47 
0  81 84 86 87 90 90 91 90 
0  53 56 56 58 58 
0  30 33 35 36 36 40 
0  1 3 4 7 10 12 12 17 
0  56 58 60 61 65 67 
0  1 3 4 8 10 12 10 
0  36 38 40 44 47 47 
0  21 22 23 27 28 29 31 35 
0  32 34 37 40 44 45 48 54 
0  55 58 59 66 67 70 73 
0  30 33 39 40 42 39 
0  70 73 76 81 81 
0  4 5 11 12 13 17 
0  77 79 82 87 88 95 
1  55 52 53 54 56 57 
0  79 76 78 79 76 
0  16 15 17 19 20 20 
0  71 70 73 74 76 80 
0  81 79 82 85 87 89 96 
0  26 23 26 23 25 28 30 
0  74 72 75 77 79 76 77 74 
0  56 53 56 59 62 63 62 62 
0  42 41 40 41 45 
0  40 39 40 38 41 43 44 49 
0  20 17 18 18 20 22 25 
0  9 8 8 11 10 
0  85 84 84 87 89 90 93 93 
0  89 88 89 89 93 
0  35 34 37 40 43 43 49 
0  62 61 64 66 68 70 74 76 
0  53 50 53 54 55 59 60 57 
0  24 21 23 27 29 31 31 
0  55 53 56 59 63 66 70 
0  12 11 13 17 22 
0  78 77 82 85 87 
0  72 71 74 77 84 83 
0  72 69 72 78 81 82 82 
0  13 12 15 17 22 23 27 
0  82 79 85 88 93 
1  76 76 78 80 82 83 85 
0  91 91 93 95 93 
0  24 24 27 30 30 
0  20 20 23 26 27 30 31 35 
0  65 65 66 67 73 
0  67 67 65 68 71 
0  4 4 1 3 4 7 8 6 
0  26 26 24 27 27 
0  4 4 7 8 7 8 9 13 
0  39 39 40 41 38 41 46 
0  37 37 39 39 40 43 
0  74 74 77 77 80 81 83 80 
0  67 67 67 70 71 73 73 
0  83 83 86 87 87 90 94 
0  85 85 88 90 91 92 92 98 
0  28 28 30 34 37 40 43 
0  50 50 53 57 54 
0  31 31 34 36 37 39 43 43 
0  50 50 52 54 58 59 62 66 
0  44 44 47 49 53 58 
0  57 57 59 62 63 64 69 72 
0  73 73 76 82 85 86 83 
0  46 46 49 56 58 58 
0  35 35 36 42 46 
0  8 8 14 15 18 19 25 
1  31 35 36 38 40 41 42 
0  5 9 12 14 11 
0  39 43 46 48 49 52 54 54 
0  14 18 19 21 24 28 
0  11 15 17 18 23 
0  58 62 63 60 62 
0  78 82 80 81 82 85 88 85 
0  77 81 84 85 83 84 84 
0  40 44 41 44 45 46 49 53 
0  40 44 46 43 44 51 
0  4 8 10 10 11 13 15 18 
0  5 9 11 11 12 15 16 13 
0  16 20 23 23 25 25 
0  68 72 75 75 78 82 
0  61 65 65 67 70 77 
0  73 77 81 84 85 87 
0  15 19 21 22 26 27 28 26 
0  16 20 22 26 29 31 31 
0  76 80 84 86 89 93 
0  43 47 49 50 54 61 
0  60 64 66 73 74 76 79 81 
0  79 83 85 87 90 92 98 95 
0  33 37 39 40 45 45 
0  37 41 47 50 51 53 57 
0  50 54 59 62 65 72 
1  25 30 32 33 34 37 
0  64 71 73 75 78 77 
0  70 76 77 79 82 83 84 84 
0  25 31 32 34 37 39 42 46 
0  14 19 21 22 23 24 27 34 
0  58 64 63 64 67 68 69 
0  86 93 95 96 94 92 
0  15 20 19 21 21 
0  34 40 39 41 42 43 47 
0  48 54 56 54 57 62 
0  43 50 52 53 53 54 55 
0  9 16 19 19 17 
0  25 30 31 31 32 32 
0  72 77 78 78 80 82 83 87 
0  53 60 61 64 64 65 72 
0  76 82 84 88 89 91 92 93 
0  55 60 63 67 65 
0  43 50 52 55 58 62 64 64 
0  70 77 81 83 87 
0  16 21 23 27 29 32 38 
0  74 80 81 83 86 91 92 
0  40 47 50 51 57 54 
0  33 39 46 49 51 51 
0  53 60 66 67 70 73 74 78 
0  53 59 60 61 67 74 
1  66 63 60 58 56 57 
1  88 85 84 83 83 
1  57 54 51 50 49 45 
1  26 23 20 19 16 11 
1  78 75 74 75 73 
0  48 47 49 46 44 47 
0  17 15 16 14 11 11 
0  56 54 55 53 49 
1  55 54 52 55 49 
1  80 79 79 77 76 
0  21 20 17 14 12 12 15 
0  41 39 38 38 38 
0  51 49 47 44 44 40 
0  30 27 27 26 25 18 
0  37 35 31 28 25 
0  83 80 76 73 72 71 70 72 
0  90 87 84 81 79 75 75 
0  48 47 46 42 40 39 35 
0  31 29 25 24 21 16 
0  58 56 49 46 44 43 42 
0  43 41 39 32 29 30 
0  17 16 13 6 5 5 
0  47 46 43 40 37 32 31 27 
0  86 83 80 79 73 68 
1  84 85 82 79 78 
0  28 29 26 25 22 24 
0  51 52 50 47 44 44 
0  59 61 58 56 54 50 
0  21 22 20 18 11 
0  61 62 60 61 59 57 56 55 
0  94 97 98 96 93 96 
0  77 80 77 74 71 68 71 71 
0  88 91 89 90 86 
0  24 27 25 24 21 19 20 14 
0  59 60 60 59 56 
0  80 82 82 81 79 76 73 75 
0  23 25 25 23 23 
0  24 25 23 23 19 
0  96 97 95 94 94 87 
0  60 61 59 55 53 50 
0  88 89 85 83 85 
0  71 72 69 68 66 63 59 59 
0  92 95 91 88 84 
0  96 98 95 91 89 82 
0  35 37 36 33 30 24 23 22 
0  52 54 47 45 43 46 
0  82 85 80 79 79 
0  14 16 13 6 5 1 
0  55 58 53 52 51 50 48 41 
1  26 26 25 23 20 17 16 14 
0  95 95 92 91 94 
0  20 20 18 16 13 10 7 7 
0  29 29 28 26 22 
0  21 21 19 18 17 16 15 9 
0  16 16 13 11 14 11 
0  82 82 81 80 81 82 
0  52 52 51 50 52 49 46 46 
0  42 42 41 43 42 41 37 
0  42 42 41 43 38 
0  28 28 27 27 25 24 
0  10 10 8 8 5 3 6 
0  68 68 66 66 63 61 61 
0  32 32 30 30 27 25 21 
0  98 98 98 96 93 91 84 
0  42 42 39 35 34 31 
0  89 89 85 82 80 81 
0  53 53 50 48 45 44 40 40 
0  25 25 21 18 15 12 8 
0  68 68 64 63 57 
0  95 95 92 86 85 
0  94 94 93 91 88 81 80 83 
0  26 26 21 18 15 15 
0  24 24 22 17 13 
0  28 28 27 26 23 17 16 10 
1  43 39 37 34 33 
0  33 29 27 24 23 21 24 
0  30 26 24 21 19 19 
0  74 70 67 66 65 62 58 
0  57 53 50 48 45 38 
0  61 57 54 53 52 55 53 
0  38 34 36 33 32 29 27 29 
0  89 85 83 85 85 
0  37 33 34 32 28 
0  91 87 86 84 83 81 82 77 
0  90 86 84 84 83 82 80 79 
0  20 16 14 14 16 
0  98 94 91 91 89 88 87 87 
0  71 67 64 62 59 58 58 54 
0  61 57 57 54 53 47 
0  34 30 28 24 21 
0  34 30 26 24 27 
0  16 12 9 7 3 1 1 
0  75 71 67 64 62 59 56 52 
0  95 91 89 85 80 
0  31 27 24 19 16 
0  55 51 44 41 43 
0  51 47 40 38 38 
0  56 52 47 44 40 
0  60 56 53 51 50 43 37 
1  30 23 21 18 15 12 
0  51 44 41 38 35 36 
0  80 73 71 68 67 67 
0  48 41 40 39 38 36 33 29 
0  69 63 61 60 55 
0  71 66 67 65 63 
0  48 42 39 37 34 36 38 
0  92 85 84 85 83 83 
0  33 27 24 23 26 24 23 19 
0  16 11 13 12 5 
0  98 93 90 90 87 84 
0  18 12 12 11 9 7 4 6 
0  10 4 4 3 3 
0  15 9 9 8 5 1 
0  94 87 86 86 83 76 
0  60 54 50 48 47 44 42 40 
0  54 49 45 43 40 41 
0  83 78 75 73 69 66 66 
0  31 24 23 19 16 14 10 
0  89 84 81 77 74 68 
0  75 70 69 66 60 57 54 
0  91 84 79 76 78 
0  66 59 56 54 49 46 46 
0  28 23 21 14 10 
0  88 83 81 74 69 
1  9 12 14 17 20 21 18 
1  75 76 79 80 82 83 84 84 
1  15 16 18 20 22 26 
1  68 69 72 73 78 
0  75 76 78 76 78 79 
0  83 86 88 90 92 94 92 90 
0  55 56 58 60 58 58 
0  66 69 68 71 75 
0  58 60 59 60 65 
1  66 67 69 71 72 72 75 77 
0  39 42 43 45 47 47 46 
0  82 84 85 87 90 90 91 91 
0  1 2 2 4 8 
0  10 11 12 14 14 15 20 
0  20 22 25 29 31 
1  62 64 66 70 69 
0  67 69 73 75 78 78 
0  55 57 60 64 68 
0  14 17 19 20 24 26 31 
0  2 3 8 10 13 
0  20 23 26 29 36 34 
0  69 71 76 78 79 82 82 
0  31 33 35 38 43 47 
0  37 39 45 48 50 52 58 
1  17 15 16 19 20 23 25 
0  17 14 17 19 22 24 27 24 
0  46 44 47 49 52 55 56 56 
0  55 53 55 56 58 60 63 67 
0  7 5 6 8 11 12 18 
0  69 67 70 71 72 70 72 74 
1  88 85 87 86 85 
0  13 10 12 13 10 12 12 
0  58 56 57 58 56 60 
0  68 67 66 68 69 76 
0  9 7 9 10 12 14 14 15 
0  34 31 32 35 37 37 36 
0  26 23 24 25 28 28 30 30 
0  70 67 68 68 72 
0  85 82 84 84 85 91 
1  12 9 13 15 18 20 
0  56 54 57 61 60 
0  58 57 58 62 65 65 
0  60 58 62 64 67 71 
0  56 55 57 61 63 70 
0  30 29 36 38 40 41 43 44 
0  59 56 59 61 67 69 68 
0  32 30 35 37 40 41 41 
0  59 57 62 64 67 70 72 76 
0  65 62 65 68 75 77 82 
1  5 5 8 10 12 14 15 
0  59 59 61 64 66 67 70 68 
0  36 36 37 40 42 43 45 45 
0  74 74 76 77 81 
0  27 27 30 31 33 35 36 42 
0  74 74 76 75 77 79 80 
0  41 41 40 41 40 
0  82 82 83 84 82 84 86 86 
0  40 40 38 41 43 46 50 
0  18 18 21 20 25 
0  13 13 13 16 17 
0  47 47 49 49 47 
0  17 17 19 19 22 23 24 24 
0  43 43 45 45 49 
0  1 1 1 4 9 
0  43 43 47 49 51 52 55 56 
0  58 58 60 61 64 68 67 
0  16 16 19 20 23 27 27 
0  55 55 58 62 66 
0  23 23 24 26 28 31 35 42 
0  76 76 79 84 85 87 
0  82 82 84 91 89 
0  44 44 46 51 52 52 
0  66 66 69 76 77 79 83 
0  36 36 41 42 45 50 
1  17 21 23 24 27 
0  45 49 51 52 55 53 
0  23 27 29 31 31 
0  44 48 49 51 52 54 58 
0  6 10 12 15 20 
0  66 70 73 72 74 
0  34 38 41 43 41 40 
0  28 32 34 32 32 
0  16 20 23 24 27 29 28 32 
0  62 66 63 64 67 70 75 
0  18 22 23 23 26 28 
0  5 9 10 11 12 12 15 12 
0  15 19 19 22 24 24 
0  43 47 49 49 53 
0  61 65 67 67 73 
0  12 16 17 21 24 27 28 30 
0  1 5 8 12 10 
0  78 82 84 87 89 93 96 96 
0  70 74 76 78 81 85 88 92 
0  72 76 77 79 82 86 93 
0  57 61 62 69 70 
0  34 38 40 42 45 52 55 52 
0  54 58 60 65 68 68 
0  77 81 87 90 92 96 
0  2 6 11 12 19 
1  21 26 27 30 32 33 
0  43 48 50 51 49 
0  78 84 87 89 91 92 94 94 
0  42 49 51 54 57 60 63 67 
0  57 62 65 68 70 77 
0  85 92 89 90 91 93 
0  10 15 17 19 18 20 19 
0  33 40 38 41 42 45 47 47 
0  17 24 25 27 29 27 31 
0  83 88 86 87 89 94 
0  24 30 32 35 35 36 38 39 
0  78 83 84 84 85 87 88 85 
0  11 16 17 18 19 19 21 21 
0  86 91 94 94 98 
0  43 48 50 50 53 60 
0  68 74 78 81 82 
0  30 37 40 43 47 45 
0  26 33 37 39 39 
0  48 54 55 58 62 64 65 69 
0  46 51 53 57 62 
0  38 45 50 53 55 56 
0  29 34 40 41 42 43 45 44 
0  2 8 9 15 16 19 19 
0  4 9 14 17 18 20 23 27 
0  20 26 28 33 39 
1  68 65 64 63 61 62 
1  11 8 6 3 2 2 
1  31 30 29 28 25 23 22 18 
1  90 88 85 83 80 73 
1  26 24 22 21 19 21 18 17 
0  20 17 14 13 16 14 16 
0  10 9 8 10 8 6 3 3 
0  59 56 54 57 54 51 47 
0  99 96 95 92 93 92 91 85 
1  76 74 72 72 70 67 
0  67 65 63 61 58 58 57 59 
0  37 35 32 32 30 30 
0  86 84 81 80 80 79 78 74 
0  88 85 83 83 80 79 74 
0  89 87 84 81 77 76 
1  75 72 70 69 66 62 64 
0  48 46 45 44 43 39 39 
0  49 47 46 42 39 37 33 
0  72 70 68 64 62 57 
0  82 80 77 72 69 68 66 64 
0  62 60 58 56 54 49 47 50 
0  68 65 63 56 53 53 
0  35 32 31 24 20 
0  24 23 22 15 8 
1  56 57 56 55 54 51 50 49 
0  89 90 89 86 88 
0  27 30 28 26 24 21 19 19 
0  89 90 87 86 83 79 
0  62 65 62 60 57 56 49 
0  73 74 75 72 69 68 66 
0  72 74 77 76 73 74 
0  25 28 29 26 23 20 19 19 
0  86 87 88 87 85 82 78 
0  85 88 86 89 86 85 84 79 
0  17 20 19 18 18 16 15 14 
0  16 19 16 16 15 16 
0  92 93 93 91 91 
0  85 86 85 82 82 80 76 
0  58 60 60 59 56 51 
0  75 76 74 70 69 68 
0  79 82 78 77 76 73 75 
0  40 42 38 36 34 34 
0  28 29 27 25 21 20 16 
0  69 71 67 64 63 57 
0  39 41 38 36 29 27 
0  50 52 51 45 44 43 45 
0  88 90 87 85 78 78 
0  34 36 34 31 25 23 20 16 
0  93 94 89 86 84 83 76 
1  57 57 54 53 50 47 46 43 
0  86 86 85 83 85 
0  66 66 65 64 62 61 58 58 
0  91 91 89 87 84 80 
0  95 95 92 91 89 87 85 78 
0  27 27 24 23 26 24 21 20 
0  81 81 78 75 73 76 73 76 
0  11 11 12 9 9 
0  38 38 39 37 36 32 
0  50 50 47 50 49 42 
0  19 19 19 17 14 12 10 
0  19 19 16 13 13 15 
0  7 7 6 4 3 3 1 1 
0  25 25 25 24 22 20 16 
0  53 53 50 48 48 45 38 
0  28 28 24 22 21 18 17 
0  78 78 75 73 69 68 70 
0  97 97 96 93 92 88 88 
0  56 56 54 50 46 
0  88 88 87 83 81 80 79 72 
0  22 22 20 19 16 11 8 7 
0  42 42 41 40 34 33 35 
0  34 34 31 24 21 19 16 16 
0  25 25 18 17 13 
0  36 36 33 31 29 26 21 16 
1  56 52 49 47 45 
0  80 76 73 72 71 70 72 
0  57 53 52 49 49 
0  37 33 32 30 28 25 23 19 
0  97 93 90 88 87 80 
1  89 85 88 85 82 81 80 
0  26 22 21 22 24 
0  98 94 92 89 90 89 89 
0  40 36 35 33 32 29 31 27 
0  21 17 14 12 11 8 11 5 
0  57 53 53 50 49 
0  76 72 71 71 72 
0  65 61 58 55 55 55 
0  25 21 18 18 14 
0  34 30 30 29 26 23 17 
0  32 28 24 21 18 15 
0  98 94 93 91 90 86 89 
0  17 13 9 6 5 3 3 
0  79 75 74 70 68 64 
0  28 24 20 19 16 13 12 6 
0  72 68 66 63 62 59 53 52 
0  50 46 45 39 40 
0  98 94 92 89 83 83 
0  50 46 44 38 35 34 30 
0  34 30 24 22 16 
1  48 43 40 37 34 32 
0  57 50 47 45 43 46 
0  98 92 90 88 86 83 82 82 
0  81 75 72 70 69 68 64 
0  20 14 12 11 9 4 
0  22 17 18 17 16 14 13 
0  51 44 45 44 41 44 
0  53 46 45 48 48 
0  41 34 37 34 31 28 27 23 
0  57 50 47 46 45 44 47 41 
0  31 26 26 23 20 18 
0  92 87 86 86 83 84 
0  91 84 82 82 81 79 76 76 
0  59 54 54 51 50 49 47 43 
0  31 26 26 23 22 15 
0  61 54 52 48 45 43 
0  98 92 88 87 88 
0  86 80 79 75 72 70 69 69 
0  21 15 11 10 6 
0  87 82 78 75 69 
0  52 46 41 38 37 
0  82 77 71 68 69 
0  35 28 27 21 21 
0  83 78 77 71 69 67 65 61 
0  84 77 75 70 67 62 
0  64 64 62 58 56 
0  55 62 64 66 67 74 78 
0  55 48 47 44 43 43 44 
0  84 85 81 78 76 71 
0  1 5 9 12 14 14 
0  59 59 55 53 50 46 
0  19 25 26 29 29 32 34 38 
0  68 69 70 76 79 77 
0  77 72 71 70 67 67 67 
0  80 80 82 81 84 85 85 
0  37 35 37 39 42 45 47 45 
0  47 43 40 38 36 38 38 
1  93 86 83 81 79 
0  79 81 82 82 87 
0  94 90 89 87 81 78 76 71 
0  46 44 38 35 37 
0  28 35 36 37 43 40 
0  34 31 35 37 38 41 42 46 
0  84 77 71 68 65 66 
0  65 64 62 56 53 50 
0  38 45 46 49 53 55 57 57 
0  34 41 43 47 51 
0  26 24 21 22 20 13 
0  42 47 51 52 55 58 65 
0  52 51 48 45 40 38 38 
0  54 51 54 56 56 60 
0  27 26 29 30 31 35 37 37 
0  64 68 70 73 74 77 78 83 
0  64 62 61 59 55 48 
0  37 35 33 33 33 
0  32 33 33 34 35 37 37 
0  24 25 23 20 20 17 15 10 
0  61 64 62 60 63 57 
0  98 99 92 90 89 88 81 
0  21 21 23 25 23 25 28 31 
0  37 40 41 44 44 48 
0  46 49 50 49 46 43 
0  73 78 76 77 80 79 
0  56 52 51 50 50 48 41 
0  50 49 46 47 44 44 
0  59 63 70 71 73 76 79 84 
0  47 47 49 51 53 57 59 56 
0  8 7 7 5 1 
0  19 18 20 22 23 24 26 30 
0  4 8 8 10 12 16 
0  66 63 62 59 62 60 
0  25 28 25 26 29 32 35 
0  76 80 80 82 85 87 87 
0  69 69 70 71 73 73 
0  19 13 10 7 6 2 
0  26 25 31 33 33 
0  82 85 86 90 94 
0  96 99 98 94 97 
0  59 59 58 55 52 48 46 40 
0  79 83 84 86 93 94 98 
0  30 26 22 20 17 13 
0  35 36 39 37 40 43 43 
0  63 61 59 55 54 52 
0  49 44 40 38 37 37 
0  22 18 16 14 13 9 6 
0  66 73 76 77 77 
0  11 15 17 14 16 18 16 
1  82 81 80 78 77 76 72 74 
0  82 82 84 86 86 87 87 
0  58 54 52 50 49 43 42 41 
0  55 56 62 65 67 69 73 
0  32 35 33 33 31 28 31 
0  46 53 56 57 59 58 
0  69 67 60 57 56 53 49 
0  79 86 89 90 90 91 94 92 
0  73 71 70 67 70 73 
0  40 40 41 44 45 46 47 51 
0  35 42 45 48 55 56 61 
0  75 75 68 67 63 
0  25 25 27 30 36 40 
0  6 9 11 13 16 18 16 22 
0  63 63 62 65 65 
0  68 62 60 56 57 
0  24 20 18 17 14 16 
0  87 87 86 83 80 77 74 77 
1  81 76 78 77 75 
0  29 22 21 17 14 13 6 
0  18 16 23 26 27 31 
0  46 46 49 50 52 49 
0  47 40 37 37 34 
0  33 34 37 39 41 42 41 39 
0  39 38 36 39 41 42 42 
0  81 81 80 78 77 79 76 77 
0  51 55 57 57 56 
0  87 90 89 87 83 81 81 
1  73 70 67 65 63 60 57 53 
0  76 80 78 80 83 85 85 
0  57 57 61 63 64 67 71 
1  81 84 81 80 77 75 72 69 
0  30 29 30 33 35 42 49 
0  7 7 10 11 12 12 13 18 
0  21 21 23 25 26 30 30 
0  78 84 86 86 89 91 91 
0  15 20 22 23 24 28 
1  75 71 68 65 63 60 
0  51 52 46 43 41 38 37 
0  70 75 78 80 83 87 88 86 
0  50 43 40 38 36 34 33 28 
0  92 88 82 81 80 83 
0  47 47 44 46 42 
0  17 13 15 13 9 
0  15 15 13 11 11 11 
0  46 46 43 42 40 34 36 
0  79 81 77 74 70 
0  7 11 16 19 22 22 
0  62 62 61 57 56 59 
0  27 31 32 31 36 
1  65 69 68 71 73 76 
0  77 77 78 81 87 
0  8 5 6 9 10 10 16 
0  62 63 60 60 60 
0  91 91 87 85 82 80 80 
0  49 49 51 49 47 42 
0  62 58 57 55 54 52 48 
0  19 23 25 25 30 
0  26 29 33 36 39 39 
0  19 23 27 29 31 34 36 37 
0  46 46 46 44 40 
0  58 53 46 43 42 
0  27 34 35 36 37 34 37 39 
0  28 30 32 31 27 
0  55 56 53 52 52 
0  46 46 49 55 57 59 60 59 
0  64 64 62 60 59 56 51 46 
0  16 20 21 23 25 22 
0  26 22 19 15 16 
0  40 35 35 34 33 27 
0  95 89 87 85 83 82 84 80 
0  14 21 22 20 21 25 
0  59 59 56 54 55 52 51 
0  28 30 29 27 23 
0  54 60 64 66 68 
0  97 99 96 93 92 91 91 90 
0  14 15 16 16 14 
0  63 63 61 61 64 
0  12 12 16 17 19 20 23 
0  12 11 9 11 13 15 
0  62 69 76 77 79 79 
0  20 19 21 18 19 25 
0  77 73 72 70 69 62 
0  22 22 22 20 19 16 14 
0  51 55 56 59 57 61 
0  91 95 97 99 99 
0  42 41 42 45 46 49 56 
0  63 59 56 55 54 48 44 
0  67 68 66 64 64 62 58 
0  34 38 41 44 46 50 55 
0  82 79 81 83 85 86 83 81 
0  81 77 75 74 72 74 68 
0  41 42 40 35 34 30 
0  32 36 38 42 39 
0  20 24 27 27 30 31 33 
1  22 28 31 33 34 37 38 
0  34 33 33 36 39 42 45 47 
1  40 43 45 47 49 47 
0  45 39 36 31 24 
0  56 52 50 49 46 45 45 
0  75 78 80 77 76 75 73 76 
1  88 85 82 81 80 77 77 74 
0  96 90 88 86 84 83 77 73 
1  69 69 67 65 62 
0  4 4 6 7 11 18 
0  83 83 81 80 77 76 73 69 
0  76 70 67 66 64 60 58 
0  38 33 32 30 29 26 26 
0  36 36 37 40 40 43 44 41 
0  30 29 26 24 21 19 13 8 
0  22 18 15 14 14 15 
0  89 87 90 91 92 89 93 
0  66 62 58 57 56 53 52 47 
0  86 87 84 82 79 73 
0  70 66 62 61 58 55 55 
0  25 26 23 22 19 15 13 
0  58 60 67 68 69 71 
1  29 27 25 23 20 19 17 20 
0  30 29 35 38 41 43 40 
0  58 59 56 49 46 46 
1  33 33 35 36 38 41 42 45 
0  49 49 49 48 46 39 
0  51 45 44 41 43 
0  13 13 10 11 14 11 
0  30 29 27 27 29 
0  37 32 30 27 30 30 
0  15 10 5 3 2 1 1 
1  20 17 21 22 24 26 29 
0  51 54 53 46 45 42 44 
0  73 73 72 70 65 
0  41 43 46 49 54 57 60 67 
0  37 43 43 45 47 53 
0  2 2 4 6 7 7 9 13 
0  42 49 48 50 52 54 57 57 
0  27 26 28 31 32 34 34 
0  78 78 79 82 83 82 88 
0  84 80 77 77 73 
0  87 86 82 79 78 78 
0  35 32 30 29 25 23 19 
0  15 19 25 28 27 
0  64 66 67 71 74 76 
1  67 68 70 73 76 78 85 
0  89 89 92 92 93 96 
0  57 61 62 63 67 69 72 76 
0  71 70 74 77 78 80 79 
0  86 83 86 83 81 77 
0  66 66 64 63 62 62 
1  76 79 81 82 83 84 88 
1  59 62 63 64 66 69 72 72 
0  55 51 49 49 47 45 
0  21 21 20 22 24 26 29 33 
0  91 94 92 89 88 89 
0  49 51 52 56 59 64 
0  97 97 96 94 92 87 85 85 
0  42 39 39 38 37 34 33 27 
0  94 90 87 86 83 83 82 82 
0  54 50 47 40 40 
1  75 79 81 84 87 89 92 94 
0  30 37 35 37 39 40 41 46 
0  66 65 65 66 69 71 69 
1  97 94 91 90 90 
1  32 30 28 25 22 19 12 
0  76 72 71 69 67 64 67 68 
1  39 38 35 32 30 28 
1  41 38 37 36 34 33 
1  33 34 36 37 38 39 42 
1  39 36 34 31 28 
1  18 15 12 11 8 
1  68 65 62 59 57 56 
1  35 33 32 31 28 25 24 21 
1  18 15 14 12 11 
1  88 85 84 81 78 75 
1  88 86 83 82 81 
1  24 26 29 30 32 34 36 38 
1  26 25 23 21 19 
1  97 96 95 94 91 
1  67 66 64 62 59 
1  56 57 59 62 63 66 68 70 
1  30 32 34 35 36 
1  24 27 28 30 33 
1  75 73 71 70 68 65 62 
1  88 85 84 82 80 78 75 
1  7 9 12 14 16 
1  58 55 52 50 47 45 
1  38 40 42 43 46 49 
1  44 47 48 50 52 53 55 56 
1  42 40 38 35 32 29 
1  75 77 79 82 84 87 90 92 
1  24 23 21 18 16 
1  79 76 73 72 71 68 
1  84 85 86 87 90 91 
1  88 85 83 80 79 
1  71 73 74 77 79 81 84 86 
1  86 87 90 91 93 94 95 96 
1  19 16 13 10 7 4 
1  57 58 59 61 63 64 65 
1  22 25 28 31 34 35 38 41 
1  45 47 49 51 52 54 55 58 
1  39 36 34 33 31 28 25 
1  33 31 28 27 24 21 18 
1  31 33 34 37 38 
1  63 65 68 70 73 76 
1  24 25 26 27 28 29 30 
1  9 11 13 15 17 20 21 22 
1  76 73 72 69 67 65 64 63 
1  7 8 11 14 15 16 
1  43 41 38 35 34 31 30 
1  26 25 24 23 22 
1  7 9 11 14 15 18 
1  28 25 24 23 21 20 19 18 
1  81 82 84 87 89 90 92 95 
1  76 74 72 71 68 65 
1  24 23 21 18 16 14 13 12 
1  45 47 50 51 54 56 59 
1  51 54 55 56 58 60 62 63 
1  69 71 74 77 80 82 84 
1  91 89 87 85 84 
1  99 97 96 93 90 89 88 87 
1  74 75 78 79 80 81 83 
1  27 28 30 33 36 37 38 
1  9 10 11 14 15 
1  29 31 33 36 39 40 42 45 
1  9 10 13 16 19 20 
1  68 71 73 74 76 79 80 82 
1  2 4 7 9 10 12 
1  69 68 67 66 65 62 60 58 
1  8 9 10 12 15 
1  64 67 70 73 76 79 80 
1  57 59 62 63 65 67 
1  2 3 6 9 11 
1  23 21 20 18 16 14 13 12 
1  96 94 93 90 89 88 
1  78 75 73 72 71 69 
1  83 85 86 89 90 92 95 
1  21 19 18 17 14 13 
1  94 91 90 87 84 83 82 
1  69 70 73 74 76 79 
1  35 38 40 41 43 44 46 49 
1  40 42 44 45 46 47 48 
1  3 4 6 8 9 11 
1  48 46 43 42 40 38 36 
1  41 40 37 36 35 
1  38 36 35 33 31 
1  14 13 10 7 6 4 1 
1  20 19 18 17 14 12 10 9 
1  27 28 30 31 32 33 36 
1  91 90 88 86 85 83 
1  13 15 17 18 19 22 
1  30 33 36 38 41 44 
1  19 16 14 13 10 9 7 6 
1  72 69 66 63 60 59 56 
1  11 14 17 18 19 22 24 
1  18 16 14 12 10 
1  41 40 39 38 36 33 30 
1  42 45 47 49 50 
1  24 27 30 33 36 39 40 43 
1  85 83 81 79 78 75 74 71 
1  79 76 74 71 68 
1  76 75 72 70 68 
1  69 66 65 64 63 61 
1  36 33 31 29 27 26 24 
1  33 30 29 26 23 
1  86 87 88 90 92 93 95 
1  26 28 31 34 37 39 41 44 
1  45 44 43 42 41 
1  28 26 25 23 22 19 18 17 
1  65 63 61 60 57 55 52 
1  73 71 70 69 67 
1  69 72 73 75 78 
1  89 90 92 93 95 
1  45 42 39 36 35 33 
1  52 55 57 59 61 62 63 
1  70 67 64 62 61 60 
1  23 25 27 30 32 34 37 
1  10 13 14 15 16 19 21 23 
1  73 70 68 66 65 64 62 60 
1  64 66 67 69 70 71 
1  27 26 23 20 17 16 
1  73 74 75 77 80 81 
1  81 80 77 74 73 
1  84 82 79 78 77 76 74 71 
1  33 32 31 28 27 26 
1  26 23 21 19 18 16 13 
1  43 44 45 48 50 52 
1  30 28 25 23 22 19 17 14 
1  25 26 28 29 30 31 32 33 
1  39 40 41 43 44 45 48 
1  7 10 11 13 15 17 
1  51 49 47 46 45 
1  78 79 81 84 87 88 
1  16 18 19 22 24 
1  76 75 74 72 70 67 
1  94 91 88 85 84 
1  42 39 36 33 30 28 27 
1  53 50 48 45 44 
1  72 70 67 64 63 60 57 54 
1  89 86 84 81 79 77 76 
1  76 79 80 83 85 86 88 
1  1 3 4 5 6 9 
1  12 14 15 17 20 23 26 27 
1  32 34 36 39 42 43 45 46 
1  85 83 82 80 79 77 75 74 
1  92 89 88 85 83 80 79 
1  82 81 78 75 73 
1  2 3 5 7 9 
1  62 61 59 58 56 54 
1  39 40 41 44 47 48 50 
1  14 11 10 9 8 6 
1  61 62 65 68 70 71 74 
1  46 47 50 53 54 57 59 
1  74 72 71 69 68 67 66 63 
1  74 77 80 83 85 87 90 92 
1  45 42 41 38 36 33 30 
1  15 14 12 11 8 6 
1  92 90 87 86 85 83 
1  24 23 22 20 19 18 17 
1  27 28 31 32 33 
1  87 90 93 95 98 
1  45 48 49 50 53 54 55 
1  33 31 30 28 25 23 20 17 
1  35 37 38 40 41 44 
1  82 81 78 77 76 75 72 69 
1  20 23 24 27 29 
1  18 21 23 26 28 30 
1  30 28 25 22 21 18 
1  32 29 27 24 21 20 
1  59 61 64 67 70 73 74 77 
1  28 29 31 33 35 36 37 
1  10 12 15 17 19 21 23 24 
1  28 31 34 36 39 
1  83 80 77 76 73 70 69 68 
1  79 81 83 86 89 
1  63 65 68 71 73 76 
1  80 79 76 74 73 
1  73 71 68 65 63 61 
1  14 11 8 7 6 
1  7 9 11 12 13 16 
1  68 71 74 77 80 82 83 
1  37 35 33 32 31 29 28 
1  93 91 89 86 83 80 77 
1  12 13 15 17 20 22 23 
1  4 7 9 10 12 14 
1  55 52 50 49 46 
1  62 60 59 57 56 54 51 50 
1  82 79 77 76 73 70 69 67 
1  74 71 68 65 63 62 60 57 
1  74 77 78 81 82 
1  68 65 62 60 57 
1  21 19 17 16 13 10 8 
1  42 45 48 49 52 55 
1  8 10 12 14 16 19 
1  59 56 53 52 49 47 
1  59 56 54 53 50 49 48 
1  85 82 81 79 77 74 
1  73 70 67 66 65 64 62 
1  38 35 33 30 27 
1  41 42 45 46 47 
1  47 46 45 42 40 
1  20 23 24 25 27 
1  70 72 73 76 79 80 81 
1  60 62 63 64 67 
1  76 77 80 81 84 85 88 90 
1  43 41 38 36 33 32 30 
1  16 18 21 24 25 
1  45 42 40 39 37 
1  96 93 91 89 87 85 84 82 
1  21 24 25 28 31 33 35 37 
1  74 71 68 65 64 62 59 
1  4 5 8 9 11 13 
1  49 50 53 54 56 59 
1  99 97 95 93 92 90 88 85 
1  73 75 78 79 80 
1  10 13 15 17 20 23 26 
1  79 77 76 73 70 69 67 65 
1  18 16 13 10 7 5 4 
1  59 56 53 50 49 
1  76 79 81 82 85 87 90 
1  16 18 19 20 22 25 26 28 
1  71 68 67 64 63 60 
1  14 15 16 18 19 
1  24 22 20 17 15 12 
1  49 52 54 56 58 
1  43 41 40 38 35 32 31 29 
1  40 37 35 33 31 29 28 26 
1  68 70 72 75 76 79 81 84 
1  16 15 14 12 9 8 
1  1 3 4 5 8 11 14 15 
1  78 76 73 70 69 67 65 
1  82 80 78 76 73 72 69 
1  54 55 58 61 63 65 66 68 
1  96 93 90 88 86 85 84 82 
1  93 91 90 88 87 
1  83 81 79 78 76 73 71 68 
1  97 95 92 89 88 
1  78 79 82 84 86 87 90 93 
1  94 92 90 89 87 85 82 79 
1  36 38 41 42 43 44 
1  19 16 14 11 9 8 
1  59 58 55 53 52 49 46 43 
1  74 76 79 81 84 86 87 
1  50 47 44 41 40 
1  26 25 22 21 19 
1  17 19 20 21 22 25 27 
1  80 83 86 89 92 95 
1  36 38 40 41 42 43 
1  97 94 91 88 85 
1  11 14 16 17 20 22 23 
1  64 62 59 57 56 53 52 
1  2 3 4 6 8 11 12 15 
1  64 62 59 58 56 
1  88 89 92 94 96 97 98 99 
1  12 11 9 6 4 
1  68 66 65 62 59 
1  51 54 55 57 60 63 
1  6 7 9 10 13 15 16 18 
1  62 61 58 56 55 53 
1  41 38 36 34 32 
1  63 64 66 67 70 72 74 75 
1  51 52 54 55 57 59 61 63 
1  42 40 39 36 35 
1  57 59 60 61 62 63 
1  31 32 35 38 39 40 
1  85 87 90 93 94 95 98 
1  90 87 86 84 83 82 
1  52 50 48 46 44 41 40 37 
1  28 29 32 33 35 
1  34 37 40 41 42 43 
1  68 67 65 64 61 
1  32 30 28 27 24 21 19 16 
1  25 22 21 20 18 
1  68 66 64 62 61 60 
1  55 56 57 59 62 65 66 
1  13 14 17 18 20 23 24 25 
1  17 14 11 9 8 6 
1  32 30 27 26 25 
1  16 18 21 23 26 29 30 
1  34 37 38 39 40 43 45 47 
1  20 22 24 26 29 31 32 33 
1  57 56 53 50 47 44 
1  59 62 64 66 68 
1  68 70 73 75 77 
1  35 33 30 27 26 25 24 23 
part 2: 343
