00011321001230232113113221012032013010320110000102000123113333311131311313131130101131111210311113301230312131201210302133133310313000020111
21311232100002012022132001021210211212113131002303113113212221012122111323001232101112103211120112121232102321113210111222222212310131311321
12221200231123231133302010321231311312022222131121022220211111232313112121301232110232103231331313031210130323201212220133113112321032222323
03131331022120123101111321003132102133331313122121103011312323030301210032101230023132313212012201211313010301230030103210121210323210111301
00300220333133011120123111101211110021202222111123220232012323032323012122313212103132101211110131112101212121330121132102111212321132321022
01231131122200012301111220021212001121113131300131113212312121212121313331303210123001210210212002012113212120202222121133030012121012023111
31210120021111102020333333303330323011222222011020021013113301012121012222023210121012210001211331111323030321100103020121232133311101111202
01133313313202213331120222220222321023133311121311321002122021030322031011010210113121212230032200121010012201123111100121212122322123210311
12020222003001032221111111111111121311122222301222321131113311211111011032133310112223213132231330323133111213000221331311031111131323032221
22103111010123011011301101212202321202113111123131301210201112002223132012322211032300201211111210323221021123133113220223111231120121211311
31320202132132212012323011013130303130301000101021111013230231333032213301113112032003111111000002121123003121222131131103223232133121212021
12123210132303012312311211212201323031110121313012121313311032220011012322121013112311323221333121131120220121110102022023111102112121211301
11111013110120012022123013232032121102133032220201311213212111101000012311120101312122001303222001221111213100232313333103012303132103231303
10222012103111111310301200202312121223220203133110203303210020333113212002120321203311331111111101003213210123032322012020230322211311232101
03313331311210120211223011311112102321111212002223210123113111322221011130300323101201222231320211123213212111111111131133112101111223011123
21212000220210000132101222020231302100001200113113133121022221101113102201201001013231333132320323221213212122221311212222010130220111221323
13211113133113333120023012303132200012031333112300221210113313230302131102101130120232120210102110133313231333331321101133112121313113111301
03012222210032222323101010122210110121032122002111113131111111112232121003232232011111121013313131002121012220202321123010200310212012011121
01213301311121111111021022131112020331212101113132321222232301110130130300231231100022103311222222111121311131112001321231312303232130132321
13311111222010321131312130002131301210230120001232321313132110321011111121111211321131120221101310112122121010033111011212012120212011232303
10103220331312023221212101103110300303031313011110101022212132321212222121201132012021113311211200230331321202012232220311011111010222012123
02321011101211011003102122120222321011132232232102123131311012311231333313131012310323102101111211010022321231330111013220000220011313210131
31113202113213230312131313123210312220231103012230323221010010113232101111030212102123021132323030131111121020121313131010121311232220010121
20200102320013002211122221111210303331132302111030123030113103210211120123211023110121111230123221022200031301121223032102110211213010210121
13132210120113013110303303210211321012132101223002121210301221111013303121212021230123101002101112301133012201313131212133333132310013210323
02210123112101222212022203230310101211110100313133123112121110230310101123113223210321020111120011232020213111212001012122020232020022201123
31012012223113311002131113212010133103230111003212320010021210202012121123122111112123133123111001230123111201201331001110121111111213133121
03303331111222113213002001312131122123132222121202113131313231313132300103213012311311020123230301212202123210030220311131102022222112202133
10322200301012320120210130111110101110130113300213312022201232222232122321201132101123113113222001211231323230021331220212110333331321031120
02111113222301103031012202301231331001031112121331210313131111131011131123012033300123200221111111303230121111032101311132131110102303012101
11100001131023101202103132123032220101012312022021211102102220011010121122031112110123113110321230021032131321122201201200302313310123230123
22311130100311121212112002121311311313132113311321012133311130103203210113122212132321010222023231101200121321211113131131111122201013211322
00222200101112311133121301111002102313210320001210030120321010123131001231201110112102211311321112031331121301132222121122111111111221212133
13301300122230312212110311200313311321312123113123021131331212100001211012311313112113132120021033132121310002111133333313222301210211210020
02213213110231001032200120130020322101210100220123110222021330131310311002212222102322212323111010213121113313113102202022101023013230221133
31311232231100201210313132022111311301201113133000201313101121022211021033113131330311110100223211210133022012322211311101133311022210012221
00221311212121133302202211200112321023003222111121300121020311311132321212020012122120032123111230101221110301133032222310122203131110131100
03311120133120022012101010013012111311223101122121013111300201032111321230111313130321121102103002021113031020000111331312111111220200220133
01231311121013113122223003221213132311111312303313200202310112230020013130222221010123220321012101103210210311121322121013310301313331333022
11210230120212122011003220123211212313112012112223103210021001032310102210313110210200123030022010331131202122023111323111001021022120221011
31213110323033130301331111020231111112210312311111101023031323112122303302000021013013313213331212122201311331303220023030211311111131121200
31102201123220112321022012313111020230312002000121021031322023210131122111132132103222221212121212311130022222003113131211132202221000323030
12103102121111211311101232312012313101211113311321323113311101002200211121222012303011313311323132122021311311100121121201231333313012321111
12101301210113130113200012323132102120213210220112321230012311331313000031010101001231122222321210011112211001112110323011032002103212131321
32322113131322032220120103001232231313133333110212123011232322202222321010303131103212013311111301132103131210212302323023211101103212320323
33313122222133032113030200001213132122010210203010321123213311110101101211222222121232102103002021222111021313032310121101232132123210012321
01021131313121230120211013131311131101300313311232012301232021132120221212131001123210012323013301133123011111212321131213312102123210300123
12101210111100210101012212230123210131111121023012301321011301232313333333020203311200012103202121112123202221210101220020213133103213210321
03031131322201311220211031112121211122222111311111122311230121100222002021031012223112012111210320212103133331130331313230011220000012002103
00210122301330121313331201230133010111100311222122111101032101003111313111122313112212133110301313130320021102202012222001231110131313200112
01312010113012311211221310012221031310131022103333303010231121011222000222213120213212022232022020220121113201113111111313131313220221131302
32113032201232101211321123031111102222321311020122001231211110223013333313001111021211131112011101010100301033002212301122212221011110022210
32320033011010013032120321022322113131321102131111130221313230101220202201230021303310111311120210202321023222032302323131311131200223113132
32123111033311112012121110311131320102301313012321031330223200003111013113112310112221112222311323102021311111132110121123210221311013222211
12121200022202210032121231303020103211121121201323202111101213101230111021001112231111013131321202111132100203212313121111311312221013111010
10101213113133311230311132120001001112111121110301110322123113220020201111010203112220010000310311022210103131231122030022000013331221100301
32311313220222123210222011131111013033330323132103122212020220333112311032313310231111032210101021333132323100212131311313313012101130131112
32322123111110301232311322321121201220212322012321110133133110212211012212322120210121131112022321020230123211333103122211222012321310122231
10110121230020121002122111323133131111212101232103113122200230330110011333111131102120202201311102101011101012110012010313111302020222130100
12320123212100021013111110301212020122010301111321223131113112112311132202230201211111111100212023031012123131000133132021322011333131011333
32321021132133133312322002120331111323132120120121113222220010132122212103111213210232302012310321223031321221013222212323111011222210221022
12110123132002002102011133111221102311012311331021321011311010111333103311330123203212010010120121311022121311222111310111221331101110101131
33130323231133112111322222100120111020331122211313133310021333121212021202032103211313133333111121020111121023133330101113313202023031322123
32202121201202133120301003231031212311022311132203001232021022311232103111330121012032232220202323011102011320222012311222211131112222111123
31130121311331122311123012122203210201331100311301222211333131111110320020212103110301011113032303032301232301113132123133112022201111103131
03210103022220131102321221011211012100222321021103211330221123231121113331002100201210010122112123232321011101022012321002032103330300121020
11110101010111100111120210303333032031331112311120230221131320132103220212131012311301002013012121110113010321131322323111010010012021113333
01232100213133032322313311321222230100120011132100311130210113130121100112122301022121231301232021012312212023121012321222111111212131132021
10222201122221202101002232101111111311213302231320122001232102230123031032301020311121220320111020012313312311123132101311312220210012311110
21232102011010213130111111103010032123012031112112031220032311012320220232300011321303311121321321012002102012300200221230203313103210122001
02000203333111331222321013201230110321013110312101220012011123011131311130011032021201223131321222212311012131123032101200111213022202031312
13211011210222021211103220123112322111320212010020301101123131203210022201101212131111311201001133311323033102002232311330321023111313001313
01232231133311321002023131000231111023113111123030123121111121311232301330121210102311111110032110120321222213231132112221301330220020232322
03210132201232023113210202103112303313200121121201001323232222023011323202303203232112202231112311001121111311200210111111002323013121212131
01331031130213301220101111201232101213010123131313111003232003101220111231113132113133303102032112301303210021011201323231011321000121210120
30201232101132011111220220111112103213230121022222030311110130023111001210303312020102211230112312122220021111103032223221210121013311202120
31131132122310313220331330322313120031121213311131123123122112313011101112111213110011110211232113311131313231311121021033032321212203133133
02020010121321323111212121002021111110000002022121012321100210103132203212323111232230331310012321102022223201222311100012232323010312222220
33111012011121111300221121013110232103011211311321202103230301200232101032313003213312312101230123032011111213131300121011110121113001231113
01231232102301031103110301022203112021101201221323031113232021031211321012320213010111112120012021113023113312210111321101012101012021021000
03213112002020222220232111000012113120220113031321222021012101202122321113121111000023211331011110322121022113312320321222232323011321131110
11102312313121331103211103210032321333313223201131031113112121211111011331032122311311232221003212133301111022210130321303132121220101201231
32102012321131022201012121232232111210210121200220210002230313231200311121212310322313111331121210021020133113310011121011111313210321000202
32321010121221011100202123231210321011310331311333112300002103230121222321012103311122011221220210123033121021000322021020022102201113131131
30120020111331232313113011230012001320220222032102220323011121111133331303313311032001231331313111311222123012201013333132313301112212222220
01330031132220132022120211111210320223131111111133132121120123222221002022222011230302212210002221230111123201131321222200121010303331013313
30221012211311110131123212323031101102122222202212122133331210133133311131111131202321011131011013231320123012322021131113331121021222002100
21201211130023001220123012323220022011313110101331130122012230101210210200000211310103222222313301212313111121113103202322122031131311112000
11213231112321012303110212101111113311200103131202202110103112001013110301111322021133131330021201210102122130222011232113331112202203033131
01211232211111320101213113312302222220101303221231030110020131113212031113222012322000121012131103231111333310133001011122221231111130222221
03131031103202031113212220212313133311312221211101231201133123021231112220111012301111313210112001030100201212120103330110111010023101111310
13201202323011321220231313012321202102213132212023231110222121113210230113031012100222001033131111132121133311123001211132130311323132301211
21111230121030303133012211212121113113310210330323212131133103212123012313222012313131111111221202230123020220121011212212032132220202303230
32001111131112120201111123212133020002012032102111112122100102132301232121311330321210122223013311032103103311123203231333112113331113121230
00131220202212101211321013330322113111311112110112133333113011132113211131012023121213130313202031201211111213313001112021011121012032131210
12123001333131321001210200110101222122222030100010122111021230010121000212321011301323100001012011030321020210203032311121331123030112121030
12323131121002021000131113210013103113331132321323131021113212011111301231120202101100212313133331212012131303210232130101220303221333110230
31001021012013133111122220231312001202020212312312221011101231132022320232101111020331312122231221032303012120221112120303131123101121301113
00013313133310012022313131012002011012301112100101313232212210201313301032112322303222012130311311212321013113111023112321112020120121110223
30322220121200131231311201113133032232123011032020123230321131000212113230123000210111011111002023211101310202231100202121331130300123033133
32310111113313120110121212300212213112311211201333101212000321133032221231112113210021011211111311201203211113312123111311220211322123122321
11132232102220323012301132101111110132100211100210021231131323211230021012312123010120221231211211011212110321211101212201311032033123130133
10203210313330010212312212102020212110323133331303213212132121131210321032112103232301303230311230311331022110210111013301222311121020202101
11310120021101203210301112033313132312103220222123011132112131131102213012313313211322221211113232212100110031333122221213311321121021012023
30121133121203210321021311112212200012311111311121202110010122032310322000120201212111101222201210113331333130221021231012022111103312131323
22131222101211133011012323213111313112002210213113210333313330132121211000123113013032303011001210301220222201131313210310011301121213221101
13121133101232012100201322111111123213333130300220022022222112011121010120123121022322201133313102220001131112002211012201232021133011101120
10011101200131310103231110021232111212202232023113111113110200100001202210120121011301130122220113311112002003111133113121012301201103012303
31131110113112222323030201100212313111311112323220222200013032103023101311133313120101002110111021222223101012021010222122022121331232230123
32222221012213131121230032301331102222202210123113311002202232321311322220212221202120331130333133313132123211333113113333310301202003113121
31133100230312000131312130120220133313331112111222231103131032101202013301013113301313101012022212020102101211222112000122011113113011020123
02201101112202102220213132311321022111220333333113011322200010101311300123210020011210120213101311111130123111111131310111121222021210111033
31131220013111111113310030101113113121111121221100022101111012120220320321201113103213303232100220202012313012111022221012323133113310103103
01201303200011122200123213121123020003312101111321111110123232000131020123010210220212223032101333032110321212133313132231303012202100321020
30302211010232313132101212120120021000200123002123032102111211130321101321123101310111311210122011010331123212302221001210120213112300111103
12111133103212302231130111030103212313111313133311031333311311231323121133101320212321122013333113213222321030311121100012320311210012322312
12111202201012111113122301202321030122020220220121011001202221202322020020002113032323010230220223231331113212020010322111302101202221111021
13302131111212120222131121230121032131333131111021000123013331130101333113312101212311213121111311110211220231311112133120012121203010231330
02113210221231311130120331211311211102021012313330321112222001011220002002203111112123012322232103131333133112202212120101211321221213132202
13311201003232200221012110212221203210313230122222011201111301230313232103110120211310102113102123221010000113130330123010111201103212201102
20223211221211101231330323113303201130123232111313303213032101202220111311000231101211313312012121313011313120002000121202323210323131310033
33111201133100331111022022221210131130121012010101120203211310313113120223133112313102301202102100212202220120313123121311321200123221203202
12011310112130122003111131303031222032110311112221131311212312111220023101223032122310320213333311223113303230321001330121111111121013231210
20101200112132301120223012111132313132122123230311222220012310120101111031113012102111101330210223012021223210131311012301221230121201011220
31320031333132101011013211110210122230111323211223013103212303210301230100201231313133330101113311131103101213111020212101101230001311110101
02000322221211113210320012211313101110221111111110120220011313211320212113310012020222321001020113020123111212211130311013131231322222311022
12130121111212223232220333132013210101133101210021111113130303012321330120203302131113110123230123001210203230312210121023221012313131322303
12122223103333101111111122212320000220021022310323103210012321310123222101112213012012101201200123113303313210210112321031313211120212111122
30100101221221023123020111112111113333121000022011121201312121012311030121212022230132320001212113122212101213313302321112113230301012122101
21303210111111122320101022211002212220003330321032113311212321012222202123030331113232301101131330110312121210222012021212101212121013011030
12012310220230021113120003210333333313301220322032002123101300013311301123222022321111121321021021231002011111111323011301021210321001103210
03312100210111110202110311032102021000121010321133112301321011101213123111010111121022112123133101201203132221200010212221333131303023221131
01222303132223033333032322210313111012311230101012132102313203210130121202202101311333303311221121001310231310321023113311222022023111113221
13211323230313222210212311103210210211120232111231110310100111030112110313111020221122001211111311132021012121020202301200030113101203011033
20232011212121111311010123201010213002021031123230221311031121012313122101013311331111032103012122012101110121012321203210111302013012121001
30311321011001102101012311131201212133132100303230032021201300231122111123101202100020121301211011333133313031212120101200220131321310132100
01022112311313311120212122021211212021020212101210120021201221133102100320221213210300231323113221201021221210012001001013311101001201211313
12311032322222021313133331301232311321011032221112213301331132210111320121313310232101312121223131230113111210133301211210210321333131102222
21222212311111321222222122100302120301102231111230322221220221212322113121021023211320211133111212212222231030222210203213012323222032213131
30321312100010013131113110123200301112001132101203210331331331132313111123121111210303232002101011333113312231113121013200311301131101201210
